260 1111111111

111111 111111111111111 &eleg 1111 111 11111 11111 1111111 311111111111 111 11111111,
11111 111 11111111 111 11111 11111111111111111111111111 11111111111111111
111111111111111111 1111111 1111111111 111111111111111 11111111111111111111111·
11111111 1111111111 111 1111111111 1111111111111 11111111 111111111111111
111111 11111 111111 1111111111 111 111111, 111 111111111111111111.1111111111
111111111111, 111 111 1111 1111111 ’11111111 1111 1111111111 1111 1111111111 11111·
1111111111 11111111111111181111111111111111111111 (Theophnn. 1111111111. V,
1. 11 1171, 111. [1111. p. 991 sq. 1111311111.) 111 1111111111. 111111 111 11111
11 11111 1111111111 Ξ11111111111’1111111111 111 (1111111111, 11911118.-

111 11111 ποῦγκη 111 vs. 19 1111111 111 111111, 111111111 11111, 11111111. 111.

p. 1911 , 11111111, 1111 perula, 11111111, 111 11111111111111111111111111
poche 11 ’1111111111

. 1. 1191111 ‘0 βασιλεὺς (1 φρόνιμος σοφὸς ὄΚαλοιωόννης,
κτλ. Su 1111 1111111111111111111111111111111111111111 111111 111111111
11111111111111111 111111 111111111111 111111111111111 11 1111111111 61111 ¹
111111 11111 111 111 1111 1111111111 (111111111111111111111, 111 111 111111 ῑ
1111111 111111111111 1111111, 111 111 1111111111111111111111111111 111111111111,
111 1111111111111 111 11111 1111111111 111111111111111111111111,1111111111
1111111111 1111111111 111 1111111111 1111111111 1111 11111111111111111111111
111 1111111111 gum 1111111111 111111. 1111111111 111 11113111111111111111111
1111. 1111111111 11 111111611111111111 111111111111111111 (11111. 11 111 1111111.
11111111, ΙΙ, 11111911 „John 11111111 precisely [he {emporising manger
11111111111111111111111111111 requiram 1111 his 1111111 11111111, during
. 111Ιί111111, 1111 1111111111 which were ready 11 1111111111 the Greek
111111.“ ’Bergk 111 111111111111111111, 11101, 11111 1111 11111111. - ,

1111111111 1111111 Καλοιωάννης, 1111111 1111111111111 111111111111111111 ’

111111, 1111111 81111111 111. 11111 1111111 1111111111111111111. 1111 1111111, i
vs. 9111111111 111 1111111111 111111 11111 ,,11111111111111111111” 111111 1
11111, 1111111111 1111111111 111 11111111 1111111111111111111111111 1111 111111

111 1111111111 111111111111111111111111111111111 (1111111111 Σωτὴρ,

111 11111111 111 111 1111111111 1111111111 1111111 111 1111111111 111111 1111111111
111111, 1111111111 11111 1111111 111111.

1111111. Kal 1111111111 σ’ &omar εἷς ἢν Ἀγίαν Σοφίαν.

111111 111 1111111111 1111 1111111111 11111113111111111111 111 11111111111111
111111111111111. 1111111111, δ. 1111. ⁶

111. 111. 191. Τρίτην ἧμίραν’“δυλερὴν, nofimc'aeotrnver ὃῖἱρης.

 

