44444 4444441444 4444444444 in 0444444444. 47

ζ64444 4441144444 4444 344444 444444, 444 444 in 4444
4444444, 44184 444 424, 44444444 4444444 444444 4444 Sam
444444 444, fo 44 4444 4444444444 44444444 4444 Glanum,
444 44444444 4444 344444 4444 444 4444444444444444 4444 444444
44444444, 444 44444444 mit 444 4444444444 44444444 444 om
4444 44444 44444444 Π.’ 444 4444 [tint 444444 4444444 4444 444
’44 44444444444444444 444 44 444 444444, 44 444 44 4444444444
44414444 444 41444444 4444 0444444444 4444444444. m
444444 4444 444 er auf 44 444444444444 444 4444444444 444444 444
44444 444 4444 im 444444 mit 44444 444444 4444444 444 444444
4444444, vs. 6¹1 sqq„ «444444 444444444444 bet 44444
444444444444 4444444441444 (44441. 4444 444 4444444444
444 44444444 0441444444. p. 319 444 342, 444 444 xpum. σόν·
τομ. ad calcem Ducae, p. 519, fomie 4444444444 aud} 8344444144,
·ΙΙ, vs. 44 sqq.) 444 44444444 (4444 4444444. §Die 4444 4444444444
4444 44444444, 44 84444444 4441444444 44 444 4444 beo 4444
4444 444 44444444 4444 44 4444444444 444444 44 44444,
10. 4444. 1444, 444 44444 44444444 4444444 444 4444444 44444444
in 444 444444 488 ff. 44444444, 444 44 4444444444 44444 44444444
444444 umet Dmnt, 4444 44444 44444444, in 44444, 4444444 fv:
fort 444 444444 44444444 44444444 444444444444 444 natm
44444 44 4444444 444 344444 44 4444444444, [44444 4144 444
444444 4444444444 44444 444 44444 4444444444. {Die 4444444
4444 4444444 4444444444 41444444 44 444 4444 44 4444444414
44444 4444 4444444444 4444444444444 44444444 444 4441444444
4444 4444444444 44444 4444444444 4444414444 4444444444,
144 444 44444444 44 4444444, 4444444444 uinta 44444 34444444
444444444444 4444444444 44 444444. 44444 444 4444 444444 4444
’444 {einer 4444444444 444444444444444 in 44444444 44 44 &piet
444 444444 444 444444 4444444444 444444 4444444 fle 4444 444

 

