1111 1111111, 279

,111111 1111111111 11111 111 111111111111 111 111111 11111111111111111111
111111 1111 111 11111111 11111, 11111 1111111111111 1111111111111111111111111
1111 Dubia 11 1111111111 1111111111 ν1111111 111111 1111111111, 1111111 11 ubet
1111111111) 111 111 17, 11111111 111 3111111 1113 (1111 111 111 1111111111 1111
1111111111)1111111111111111. (1111111. 1111) 8111111, Histoire 111 1111111
Bourgogne‚ 1. lX, ed. ³, 1. 1, Pur. 1111, p. 1 sqq.) 3111111 111 1111111 1111·
11111 111111111111111 111 1111111111111 111 bem 111111 11 111 1111111111 11111111
1111111111 11111 11111 11111 111 11. 1111111 11 111, 111 1111) 1111111111111
&risten 111 1111 1111 1111111 111111 11111111 1111111, 1111111111111111111·
11111 6111111 111111 1111111. 1111 11111111111111 111111111111 111111 1111111
11111111 1111) 11111111111111 811111111111 111111 1111111 1111111111111111111
“ 111111111111 111111 11111 1111 11111 111111111111111 111111111111111111 11 1111
111111111111111 1111111111 11111111. -11 11111111 11111131111111111111111111
1111111111, vs. 111, 111111 111111111111111 vs. 11 11 1111111 11111 Ξ. 111
1111111111111.

11, Vs. 371. Τοὺς ἄρχοντας ἕκόψασι τὰ Τουρκικᾶ μαχαίρια.

1111 1111111111 gu 1111. 1111 11 111 (1111111111 (Ξ. 11) 111 11111111111111
111 1111111111 1111 11111111111111 1111111111] 1111111 1111111, 11111111
Θ111111111111111111 11111111 111111111111111111111 11111111 &Musam
‘ 11111111111111 11111 gu 1111111111. 1111111111 111111 11111111) 1111111111111111
1111111111111 11 1111 1111111111 1111111111 111 11111 (1111111, 1111) 111111 11111111
11111111) 1111111 11 ,1111111111111 1111111111. 111111311111111, 111 1111111,
11111111 111111 1111111111 11111111 11111111111111111111111, 1111111, 11111111111
1111111111 1111111111, 1111111111111 11111. 11111 1111111111 aber, 111 11111111
11111111111111 mit 11111 11111111111111111 1111111111, 111111111111111111
61111111111111 11111 111 ῧ1111111111111111111111111 &mc 1111111111.
(11111. 8111111. 1111111111), 11111111111, p. 31.) Qui 111111 1111111111
1111111111111111111111111111111. 11111 11111 11111111 11 1111111 111111.

11. 111111. K' εἰς τὴν Προρἐντζα στρέφομαι 1111111111νῶ
μετά τους. 11111 111111 (1, Ι. ρ, 111) 111 111111 Προβέντζα 11 1111111
131111 1111111111111111 1111111 111 1111 1111111111111111111111111111111111111111
»ἐπαρχίαι τῆς Γραικορωμαϊκης 111111111111111 11111111111111,
11 11111 1111111 11111111 1111111 (1. 11111111. Θ. 11). 111 11111) 1111111111111 111
1111111111 111111111111 1111111111 1111111111 1111 1113111 11111111111111
,1111111111111111 (11311111 111 11111111111111111 mit 1111111111 11111 1111111 ΧΙ.)

11111 1111111111111111 111111111111 11111, 111111 1111111111 1111111111 1111111
111 1111111111111111, 111) 1111111111111 1111111111, 1111111111111 111 11111111

 

