11111911111’11111111111111111 m. xxm. 235¹

11111111111111191111111 1111 91, 1111 11)“ 1111)
- §15 1111111111 11Ξέ1ϊ1ζη111ἱα81111 111) 111
11 11 111

xxm

aaa 1111111’11111111119111111111111111919119111
11

&aa 1111 11111111 11111 1111111111 11111111) 111 11111 , ’

1111) 1111’1)11 1111111 Qu& 1111111111) ’111
1111) 111 111) 119111

11111 1111111 1111 111 11111111 1111111 1111111111

{me 11111 11 111911191111ῑὲῖ1ῒ, ,713111 1111 9111111 11
1 111

ἶ uo 1111111 111111 11111111 11111 111111) 1111111 111ἶ

99111111 11111111
111 1111111111 91111119111111111111111111111
111111111)1-11)1)111’ἔὲἴὲ11181111 1111111111111
111111111111-
1111111111 1111111 11911831111119111161 11111111 11111111

' , 111111111111111111 111 11111 1111111111

’111 1111111 11 111111 unbtwgdr 111111) 91111111111191ί

11111111 11111111 11111 ωῇᾰῗὲζιὲθ 1111 9111111191
1111111111 11111.

 

