³⁰2 , &amatunam

1111111111, 111 111111111111111 111111111111111 1111111, 1111 man 111 1111111 1111
1111111111 1111111111 111 11116111 1111111111 11111111111111111111111181666

1111111 111111, 111111 1111111 1111 1111111 11111111 111111. - 1111111111 χαράτζα·
’ ρος, 11111 χαρατζιᾶρης, 1111111111111111111111111111111111111111111111111

111 11111111, χαράτζι, 1111111111, 1111 111 1111111111 1111111111 1111111111 111111 ⁴
11111 111111 1111111111, 11111111 11111111111111 1111111111111111 11111 1111111111
11111111 χάραγμα, 11111111, 111111 1111111111 (1111, 1111111 111111111111111111. ,

71. 1111761111. Ἔχετε καὶ τὴν Βουλγαριὰν καὶ τὴν 'Appara- ·

τίαν, 01 Βλᾰχοιμοῑ ανδρικώτατοι μετὰ Μποσνίωνκὶυᾶλλων, κτλ.

11111111 1111111111 111111 1111111 1111111 1111111111 1111111 &noman 1111 1111 ⁵211· ³

⁵ 1111 11111 1111111 11111 1111111 6111111111 111 111(111111111111111111111311111

’11111176611111111111 611111, 1). 1111 1., 111 1111111111 6111111111 1111111. 1
1111 111 1111111111 11111 1111111111, 111 111, 111 1111111311111111111 &etnim ’

1111 ‘Bou 1111111111. 111111 im 3. 112⁷ 111111 111 1111111111 111 1111111 1111
11111111 1111111111 11111 11111 1110 31111 11111111 1111111 1111111111 11111111, 1111
1169 1111 1111111 mit ῶ1111111 11111111 111111, 111 um 137011111111111111

1111111111 1111111111 11111111 ,1111111111 11111, 111 111 11111111111111111111111111 ,

1111111111 111 111111111111 ’1111111111 &unia 11111 1111111111 1111111111Ξ111,
1111111111111111111111111111111111111 1111111 1111111111, 111111 1111 1111111111
111111111111111111111111111111, 11111111 111 1111111 [einer 1111111111111
611111 111 111111111111 111 11111111 11111111, 1111 111 1111111111 111 1111111111 11111
ι11111111, 11111111 111 111111111111111111 &uniet 1111111111 11111 11111111 111111 11111111
311111 1111111111, 11 11111 ῧ1111111111111111111 1ο 11111111 11111111, 111111 1113111
111 11111111 11111 11111111111111111111111111. 311 11111111 3111111111 1111111111
’ 1111111111 1111111111 111 111 11111111 111 1113111, 11 11111111111 1111111 1111111
11111111 1111 1111 1111111, 111 11111 1111111111, 1111111111. 1111161111731111
[11111 1111111111 111 111 111111 &terbum 1111111111 1111111111 1111111111
11111111111111, 11111111 111111 111111111111111111111111111111, mit 11111111
11111111 116616 11111111 11 1111111111 1111111111, 11111 1111111 11111 11111 11111111,
1111111 11111 111111131111111111 111111111111 11111111 11111, 11161 11111111 1111111·

11111,1111111111ῢ11111111111111111,111111111111111111111111. &eit ·

111111 3111 11111 1111111111 11111 11111111 111111111111111111111111111113111
’1111 1111111 11111111 1111111111. - 111111 111 1111111111111 111111, 1111111111

1 11111111 111 11111111 11111111111111111 1111111111 11111111, 111 1111 11111 stom·

111111111111,.11111 1111 111111 1111 11111111 111 1111111, 11111111 111111111111111111
111 1111 &true 11 1111111, 1111111 111 ’11111111111111111111111111111111·

 

