, 66666666 6666666666. Ν. 125

„66 66666, 666 666 6666 66 666 666666 666666
666 666666 666666636Μῖ6ῃα68ΐ61666666666666666666
6666666666 666,
66 leuet &6666 bie (6666 666666 666 666666), 66 ·
· 611 qlauben‘6 ’
66666666666666666, 6666666 ,666 666666116
1³0— 6606 66 66 666 ἔξῖ6ῗ66ςῗ6ό6βξ66ῐ6, 666 66666666
606 6162 666 666ίῖ66ῃὲ636666166666666666666Ι
6666 6666 en 66666 fflegtdmme 666 6666666 6666
6366666666, 666 6ετίῗ6ῗ6ἓιη6ᾓῗ616666666666666666)
(66666 6666 6666 ffiffimgmffir 6at6net 6666 660
66 6666 6666666666 3666 656666, 666 66666
6666666 666612.
666 6666666 666 666666ίῖ666 666 666 66666666
f 666 6666 666666 666ῗ661ἷ3666666666 6666 .
3666 6666666, 666 66 bggeggtage, 666 66 666 umal 66
66

666 6666666 66666666, 666 6666666 Dudmetf
v 1⁴0 6011 (666666 6111616‘166‘66116 666 6661 666
6666666666

 

