11111
11111
· ’1111111111111111

, 111111111111111111111111111111,1111111111111111111111

111111 111 111 111111ᾓ11ί1 1111111111 1111111111111111
11 mu

1111111 11 11111111111111, 111111111111111
1111 1111111 1111131111181111111111 111 111111

(1111111111, z ,
111111111111111111111111,1111 1111111111 ,
1111111111 1,11111111111 91ρ1ϋῖ11ῃ1111111 111111111111

⁵ 31111111111111111 11511211111111111 1161111
111111 11111 111 11181111111111111 1111 1116111

111111111111111,
111111,1111 1111’11111111111111111111111111111
11111111111111111111111111111111111111

1111111111,

 

