78 (1111111111 11161111.

1111, hurd> 111111111111111 11111111 11111111, 111 1111111111
1111111111 11111 11111 1111111111 6111111111111111 1111111111, 11
111111111111111 11111111 111 111, 111 1111111111Τ11111.11.111(1,

conf. 1014). 111 11111111111111 11111111111111111111111 11111 ·

11111 111 80⁰ 111111111 1111111111 1111 3111111111, 111 111 11111111
1111111111 111 111 11111111 111 111111 111 11111111111111 1111111111,
111 11111 1111 111 1111111111111111111111111 11111111 111111
11111111 111 3111111111 11131111 111 61111, 11111 11111111 111
1111111111111111 11111111 1111111, 111 1111111111111 1111111111
111 111111111111 11111, 11 1111111111 1111 (11111111111111111 1111
1111111111111111111 11161111) 111 1111 111111111111111111111 ὦ
111111, 111111 1111 11111111111111111 11 111 1111111111), 111 111
111111111111111111, 1111111 1111111111 111 111 (1111111111 111 111111
11111 11 11111111116111111, 11111 11111111 1111111111 1111111111
(Dacus, p. 1171111111). 1111 11 1111111111111 111 11111111
111 111 11111111111111111111 1111 (11111 1111111111 p. 287) 11111111
11111111111111111111111 1111 6 1111 7 6111111 1111 1111111111111
11111111 1111111111111111111, 1111111 1111111111111111111111111111
1111111111.

1111111 1111111 11111 1111 1111111111 1111111111 1111111111 111
61111111111111111111 11 1111111111 1111111111 11111111, 111 11131111
111111111111111111 1111111111 111111001111111111111, 111 11 111
1111111 11111111, 111111 1111111111111111111111111111111111111111111
111111 1111 11111 111111 1111111111 111 1111111 11111111 11111, 1111111
11111 1111111111111111111111111111 111111, 111 11111 11 1111111

1111111111181111111111111 111 11111111 1111111 11 1111111 31111 111 1111111111·
9511111111, 1131111111.) 1111111111ἐ11, 11111111111111111111, 111111
31111111111111111111111111111111111111111111111111111111111111111111
11111111 ohne 1111111111 1111111 &gnum 11 111 1111111111111111111111111 11
1111111311111111111 1111111111111,111 1111111111 1111111.

 

