1111 1111111. . 307

’1111111111111111111111181111111111111ι 1111111111, 111111, 111111, ’1111111111 11.)
1111 111111 111111111111111111 ’111111111111 1111111111 11111111111111 11111111111
1111 111111111111111111, 11111 11111111 111 11111 111111, 1111111 11. 111 311111 11111
111111111111111 11111 11111 111111 (11111111111111111 1111111 1111111 11111111111111
111111111111111111111111111111111111111. ’ ⁴ “ ’

111 1111 1111111111 11111111, 111 1111111111111111111111111111, 1111111
111111111111111111111. 111 1111111111111111 11111 1111 111111 1111111 111111111111
111 11111111111111, 111 11111111 111111111111111111 111 1111111 111111
11111, 111 11111111 111 1111111111 11111111, 111111611111111111111111111111
111111111111111 11111111, 11111111 11111 1111111111 1111111111. 11111111111111
111111111111131111111 111-111 1111111111 1111111111111111 11111111, 111 11111111
111111 1111111111 1111111111 111111, 111 111111111111111111 11111111111111111
1111111111 1111 1111111111111111 11111, 1111 11 1111 111111 1111 &tummim 11111
11111111111111 111 1111 111111111111 111111111111 111 1111111111 1111111 11111
11111111111111111111111 1111111111, 1111111 11111111 111111111111111111111111
11111111 11111 31111111 11111, 1111 11111111 111111.

71 Vs. 11118 sqq. 1111111 σκ1π11ζ11 ι”ὅνομα 11111 11111111 1' ὄνομά
μου, Nc} μὴ τὸ ’,11111111 οἱ πολλοὶ, 11ςὸ τὰ τοιαῦτα 1111111111, κτλ.
111 11111111 111 11111111 11111 1111111111 1111111111 1111111111111, 1111111111111
11111, 1111111111111 111 11111111, 111 11 1111111111 11111, 111111 111 1111 111111
11111111111111 11 111111, 1111 1111111111, 111 111 111111 1111111111111, 1111
111111 1111111 1111111111 ’1111111 1111 1111111111 1111 1111111111, 11111111 111111
11111111 1111111111, 1111111111, 11111111 1111111 111111 11111 111111111111111
11111111111111111 11 1111111111, - 11111111111111111111, 111 11111 ’111111 111 1111
1111111111111111111 111 111111111111111111111111 1111, 111111 111111 ’111111
1111111 111 11111111 1111 11111 1111111111 11111111111111111111111111111111
111 1111111111 111111111111111 11111111 1 1111111111. 111 11111111, 11111111
111111 11111111 Ξ111111111111 1111 11111111111111111111 111 1111111111 1 1111 111
111ῶ11111 11111111, 111111111111111111111111, 1111111111) 111 1111111111 11111111
1111111111 11111 1111111111 111 1111111111 11111111111111111 11111. 1111111111
1111111111111111111 111-1111111, 111 11111111 1111111111, 1111 11 1111111111
111111111111111111, ,111111 1111 111 111 1111 1111111111 111 11111111 11111
1111113111111111111 111111111111111111111111 1111111111 1111111111 1111111

111111, 1111 ’1111111111 111 Θανατικὸν τῆς Ῥόδου 111 111 (111111111111
1111111111. [1111111111 ὓ. 11111 1111), 111111 11111 1111111111 11111111.
1111111111 1111 11111 11111111111111 111111 11111, 111111, 1111111111,

11111111111111111 111111111111111111111111 ,11111 111 111, 1112111111 111111Η 11.

 

