444 ist. 4444444444 44444444. ¹ 99

4444. 444 4444344 444 444444 444 644444 444 44444 affluat
4444444 .
’ 41, (P, 44 sq.) 4444 444444444444444444444 4444444444 44444
6444444 444 4444444444) 444 44444 44444 444444 444 4444,
“ 44444 fid) 4444, 44 fit 4446444444 444 4444444444 444444ᾒῶ4
, 444 44 44444 ὓ444444 44444 444 4444444444 44444444, 44444
444444 gu 4444444444, 4444444 4444444. - (4444 4444444444.
4444444 44 444444444444444 4444 444 444 4444444444 444
x 4444, 4444444444 444 444 4444444444 4444444444 44444444. -
mod) 4444444 44 4444444 &age 44444 444 4444444444444 444
44444444 444 44444444 444 &burm 4444 4444444444 444
4444444444444 hurd) 444 4444444444 4444444444 444 444
44444444 (4444444444 4444444444.
. (Ρ. 44 sq.) 4444 4844494444 44444444 4444444444 44444
444444444444444 gang 44 444 44444 444 44444 4444444444
4444 4444441 444 4444444444 4444444 4443444444 gemacht. —
944444 glauben 444 44 4444444444444444 4444444444444444444,
444 4444 4434 4444444444444 4444 4444441444 4444444444
444 44444444 444444, 44444444 444 gum 12. 4444444444 44444
“ 44444444444444444444444444, 4444444444 444 44444444
4444444444 gu 4444444444, 44444444 444 &suren 44444 4444
4444444444 444 &egee begtfifitn.
. (Ρ. 44 sq.) 4444 444 4444444444 (4444444444 444444 wint
44 444 44444 444 4444444444444444 4444 444 4444444444
44444444, 4444444444 444 4444444444 444444 4444444444 Sages
444444 444 4444 44444444 444 44444444 444 44444 4444444444,
444 4444 444444 4444444 444 4444444, 4444444 444 44444 444
444444 4444444444 444 444 4444444 gu 444444 (4444444444
444 &suren 44444 444 4444444 444444. - 444 4444444 &age
44444 444 44444444 (434) 4444444444444 444 44444444444444
&Iuste 4444 4444 44444444 4444444444 4444444444 444444
444 4444444, 444 444444444444 444 4444444444 &chiffl
ἱ44444444, amand> 44 444 44444. - 444444444444444444
. 44444444, 44.
24. (Ρ. 47 sq.) 44444 (4444444444 4444444444 444 4444444444

Mt? wemma 444, 444 Q. 4444 4444 4444444 444444 6444444444 (4. 4444. w)
vn·

 

