1111 1111111. ·· 313

111111, 111 11111 1111111 111 111111. 1111111111 11 1111111111 1111111 1111, 1111111,
1111 111 (1111111111 111111111111111111.

Βουλγάροι κῑ’ Αρβανίται και Σέρβοι καὶ Ῥωμηοὶ,
1ησιωται κ ’111111ρῶ111 μὲ 11ιά1 κοινὴν ὁραὴ
Διὰ την ἐλευθερίαν να ζώσωμεν 1111111111

73 11911 sq Ἆθῆνα, Θῆβα, Μέγαρα, Σάλωνα, τ ’1111αὸ111
'Aetam τὰ Γιάνινα, ozon το Δεσποτατον 111111 1111111111

11111111111111111111 ῑ1ἱ1111111 1111 1111111 11111 1111113111 11111111 111
1111111 11111 1111111 ’11111111 11111 11111111111111111111111 11111111 111111
11111111111111( 11 11111111 11 1111111 111 [1111111111111111111111111·
, 1111111111 111 111 11111111111111111111111111 1111111, 1111111111111111
1111111111 1111111 11111 1111111111 1111111111 111111 1111111111111 1111,
1111111 11111111 111 11111 1111111111 11 1111 111111 11111 1111111111, 11111
, 111111 111 1111111111111111111 111 11111111111111111111111 111111, gu 11111111.
111 1111 1111111 111 1111 1111111 11111 111 1111111111 111 111111111111 111111
1111111111 11111111 111 1111 11111111 11111 11111111 11 tinem 1111111111111

(τὸ Μεγαλοκυράτον) 1111111, 111 111 1111 11111 111 1111111111111111.

111 1111111111 1111 111111 11111111111111111 111111 111111, 11111111111111·
1111111111, 11 1111111111 1111111111 11111111 111 111 111111 111 1111111111
1111111111 in 1111111111 111111. 111111111111111111111111, 1111111111
111 1111111111 1111 ’1111111111 11111111 1111111111111111111111111111
111111111111111111111 1111 11111 111 1111111111 1111111111, 1111111 111111 ,
1111111111 1111111, 1111111 11111 1111111111 11111 111111111111111 11111
1111 11111111 1111111111, 1111 1111 1111 11111111111111111111111111111111
1111111111 11111, 11111 1111111111, 111 1111111111 11111111 1111111111 111
1111111111 11111111 111 1111111111 1111111 11111111, 1111111 111 1111 11111111
1111111111 1111111111, 1. 1. 111 11111111 11111 111 1111111111 111111111111111
1111111111, 1111111111111111111111 111111 (111111 111 111111111111111 11111111
11170111111111111 zita 111111) 1111 111111111111111111 11111 111 (1111
, , 111111 111 111111 1111 111111 11111111 11. 111 1111111111 111111111111111

1111111111 111 1111111111 111111 111 111 111111 511 1111111111 1111111 111111

111 1111111111 6111111111111, 111 1111 1111 111 1111111111 111 11111 11111

11111111 11111111, 11111 1111111111 1111111111 11111111, 111 1111111111
« 6111111111 1111111 1111111. 11111111, 1111 1111111111, 1111111 111 11111111·
c 1111111111 1111111 11111111 111111 11111111 1111 111111111111111111111111·

111111 111 &icium 11111111111111111111111 1111111111, 11111111 111 11111

1111 1111 11111111 11111111 1111111111, 111111, 111 1111 1111111111 11 11111

 

