vacmb 111116 ῧ11161166111111 1111111 1116111111. 53

6196 1111166111116 111611311111111111 11111 [11111111 1111111111
gtgtbenm 3111116111ίὼ 11111116 (11111 1111 1111111116 1111111111111
1111111116 111111 6116111111 1111161616 (1116111161111, p. 376, 6,
11111611 6111111) 1111611 1611111111 bow). 611111111161111111161
ihm - 11111 611 1111111111 61161111 616 111116, p. 634 sqq„ 11161116
mmm (1116161611, 1311111111 111 6111161161111111111111111
1111111611 1111111161 1111111111 611 111111611111111116111111 611111
1116 1111116 11116111 - 611111 61111111111113111116111111116 1611
6111111111, 111111ἰά) ὦ1111611116111111, bet μωρὰ τῶν Ῥωμαίων unwan
γωγὴ 1111161111, 116111 11111111 1111111111 611 1111611161 616 1111
61ςὸ1111911 1111111111 3111111616 111111111131111111111111 61111
111111 &utel 6111111 61111116, 6111111111ῡ111111, nubtum«
11116111 611 1111111111 61111113111111 111611111161116111611111111
111 1111111111 116, 6111311111 11111 1111111611 1111 &ultan 116 31111
111111611111111 gefdbtlid) 1111611 11111. met 611 (1111111111 11111 gea
1111111 (1111111111 (1111161311111 1111 11111111 116611166111611
1116111 111111 111161616111111111 611111191161111111 11111161 11111111,
611 &ultan 111611 6111111 111 1111116 1111 111111111ὗ1111611111111111111
11611111, 6111 abet 11111 6111111111 611 111111111611111111111111
ibt 1111161116 &gelum 11161111111111 6111111ὓ11111161111111
11111 1111111111 (8111111111 611 2116111111 nm 61111111 1116 611

⁴) 1111111 611111 611111 (6111111111 11111· 11111111111111 61ἑ11111111 616 11111111

116 61111911, 111111, vs. 282-375, 11113111111111111 611 111111161611161161
61111111 11 6111111611116 111191. 1111661611.) 1161111, 111111111116
611111611111111 111111 11 6111 1111161111111111111111 (vs. 316-367) 11111111 1116
161161111 111 1111131116 6116111111 9116116 ’11111111 111911111111111 miefe
11111111, vs. 3561116368, 61111111 61111111 111 1111111111 nur 1111 ’Bm-mute 611
,0611111111 1111111111 11111111111111 611161111111 111 1111111, 6116111611
111 11111 Mass p. 2321 11116111 1111111111161611111 111 Drama 11111116. (1111111
8111111116 ’6 1111111111131111111, 1111111 16 bei 11111 11116 miter, 611 11 1111611
1111111111 1111111611 1116 11111111111161111111111111611111111161111111111,
men 6116111611 11111 111 &ot 1111111111111111111 111611661111611111111111’11111
11 11111111616111116116111811111 616 6111111161 ’1161161116 61111111 111111.

 

