⁸ 111111111111111111111111111ΙΙ. 15

11111111 111. , 11111111 11111 mit nid>t 1111111111 111111, 11111111 1111)
,mit 11111111 1111111111111, 111 111111 11111 11111 1111111111 111
11111111111111 1111111 1111111111111111 1113. 1118 111 (11111111
11111111 11111, 11111 1111111111 11111111111111111 1111111 11111
11111111. &ast 1111111 11, 111 11111 1111111 111) 11111111111111111
111 1111 1111111 1111111111, 111 111 111111111111111111111111111
111111 111 mit 111111 1111))111111111111 111 111 111111111111111
11111 111 1111111111 11111111 1111111111 11111111) 111111 11111111 11111111
lid> 11 11111111, 111111111 111111, 11111 111 et 1111 11111111 31111111
1111111, 11111) 111 1111111111, 11 11111 11111111111111111111111
111111111111111 111111111111 311 11111111), 111 1111111111 1111
’11111111111111111 11111111, 111 11 111 11111111 111 111111 1111111111
gum 111111 11111 111 1111111 1111111111 1111111111 11111111111111
111 11111111111111111111111111 11111111 11111 1111111111111111111
11111111 111, 1111 111 11111111111111111 11111111 111111 11111111, 111
111111 11111 ,11111111111111111111111111111 11111, tinem 111111, iu

1111111111 111111, 11111 11 1111111111 1111111, 1111111111.1 ’

(ss. 1. D. pag. ς’.) wit 111111 1111111111 1111111111 1111111, 11111,
1111111111 11 111111111111111111111 1111111111111 11111111 11111 111 1111

·) 111111 111111 111111 1111111111 111111 1111111 111 1111111111 111111 in .
13111111 111111111111 ue 11111 1111111111111111111111111 11. ’131111
1111111111111ὓ11111113111111.111111 111111111111111111 1111111111
Aeneae Sylvn opp. (111111. 1171), p. 871-101; 11111 11 1111111111111111111-
1111111111111 111, (1510), 1. ΙΙΙ, p. 19-98, 111 11111111111111111111
Τ1111111, p. 131-191. 1311 11111111 11 1111 1111111 111 1111111111 &turcii-en 111
&ulmum 11111111 ,111111111111111111111111“ 111111, 11 111 1111111 11111111
1111111, 11111111 111 1311111111 1111111111111111 11111111 11111111 1111 11111
Uim} 1111) 11 1111111111 Histoire des dues de 8111111111, 1. 1, p. 5, 111111.

1111111111511111111 11111 11111), 11111 111111111111 111111 111111111111

1
(oute, 1111111111 11111111, 111 111 11 111 1111111111111111111111111111111

111111, 111 11 1111 1111111111 1111111111111111111111, 111111111111111111111
11111111 111 bem 11111111111111111) 111 111 11111111 11111111111111 1111111
1111111111 91111 1111111111 1111111 1111111111 111. - (1111 1111111 11111

1111111111 111 111111 11111 Ι11111111111111111111 satu. {Bermu'ffism
1111111111 Sylvius Ρ11111111111 (Pam 1113), p. 111 sqq.

 

