290 5111111111

1111111111 1111 1111. 11111 11111111111111 111 111111 111111111111161111111 (11111.

1111. 1, 111, 111. 111111, 1711 111 11111, 1111111111 1111111111 1111111ῆί111 111111
· 1111111 1111111111111111 11111,111111111111111111111 1111111111 11111, 111 111111
1111111111 11111 11111 1111 0111 1111111. 1111111111 11111111 1111111111 11111 111
1111111111 11111 1111111111 11111 1111111111 1111111111 11111111, 1111111 111111

1)(111111111111111111 1111111111 1111111111111111111, 111111 (Ι. ΙΙ, vn. 111-31) 111 61
1111111111 111 1111111111 1111 111 1111111111 111111111111111111111111111
111111111111111 111111111111 11111111 111 11111111, 111 111111 11111111 1111111111. 111,
vs. 'm sqq.) 11 111 1111111111 111 11111111 111 ,111111111111111111 111 111 ῦιυ

»1111111111 111 1111111111 1111111111111 111 1111111111 6111111111, 11111 311111· ·

11111111 111 1111111, 1111111 111 111111 111 1111111111 1111111111111111 1111111
1111111111 111111111111111111, 11111 1111111, 1111 1311111111 1111111111 1111111, 111
· 111111 1111111111 111 11111111111111111.

11. 111. 1111111111. Ὠ malla πολόθλιβη, Σερβία πονεμίνη, Ov-
11111111 ταῖς αἱχμαλωσιαῖς, 0151111111 λυπημένη, xri. 311 111111
1111111 11111 11111 1111111111 11111 1111111111 11111 1111111111 6111111 1111 111
111111111111111111 (111. 1111. 11111111 18. Det. 1111), 1111111 111111 111
1111111 11111 ,111111 111111 1111 1111111111111111111111 111111 1111111 1111111111 Α
11111111 11111111, 11 111 11111111 1111 11111 1111 111111111111 1111113111 1113111111
11 111111 111 (5111111111 1111111111, 1111 17111) 1111111 1111 11 111111, 111 1111
11111 111 11111111 111 1111111111 1111111111114 11111111111111111111111111111.
11111111111111111111 1111111111, 111111111111111111 1111111 1111111111 11111111
1111111111111111 1111111111, 1111111116111111 11111111 11111, 111111 11111111
1111111 wadum. 1111 11 1111111, 1111 111 111111111111, 111111111311111 111111 111
1111111111111111111111111 (11111 111111 111 11111111, 11111111111111. - 1111111
111111 1111111111111 (11111111111111 11111 111 &mlum 111 1111111111111110111
111111 111 1111111111 (1. Ι, vs. 111-131), 1111111111111111111111111111111131111111,
11111111111111 111111 1111111111 11 11111 11111111, 11. 1111111111111111111 11111.
1111 1111111111 1111111111 1111 111111 11111111 1111111111 111111111111111111
1111111 11111111 11 111111 1111111, 111111111111111111, 11 111 (1111111111111 §.uza-

' 111111111111111111111111111111 111111111111111111111111111111111, 11111111 ¹
1111111111 Discours 1111111111ιί11 111 111111 61111111 populaires 1111 Ιι time,
p. ΧΧΙΙΙ, 1111 31111111 111 1111111111111111111111111111 11111111. 1131111 1111 ’
111111 111 11111111 1111111111, 111111111111111 11 1111111 1111111111 ,1111111 111
1111111111 &amulung (1111111111. 111111ίηὶ1111 111.. 1111111711, p. 111) 11111 1111
111111 11111111 111111 1111111111 11. &a 11 11111111 1111 1111111111 1111111111
waic 111111111; 111 1111 11111 1111111111111111111111111111111 11111111 1111
atq 111 1111111 1111111111, 111 111111 1111111111 1111 1111111111 11111111 Dm

 

