1111111111111111111. XLI. xm. 169 ¹

61 111111 11111 1111 et unzv'trfdyssnflt 111111
111111 1.

111 11111) 11111 111 11111111111111 1111) 1111111111

1111 111 111111111111Ξ1υτ1111ῗ111 11111111 1111
1111 1,

1111 11111111111111111 111 111111 1111111 1111 .

1111111111
81,111111111111111111111,1111111111111
11111111 1111) 11111111111511111111111111111, 111111

1111) 11111 1111111111,

111 1111111111,11111’1)111 ww 11111111 111 111

xm.

θ 1111111 1111111111, 1111 1111) 111 1111111 1111
3111 311111 111 1111111111ῗ1ᾰ11101η11111111111Θ1111
1111 11111111, 111 1111111θ 1111111111 1111 111111
1111 1111111 111 111111181111111111)1111111111

11111111111111 ·
111 1111 111111 1111111111 1111111111, 11111111
1111 1111 1111111
‘hrum 1111111 111 111111131111111 1111111)
111111111111111
1111 11111 111111111111111111111 111 11111111
1111111 11111111,

 

