270 1111111111

11111111111111111111 1111111111111111111111111111111 11111, 111,
111, 111 11. 1111ῥ1γ1ίδες (ε111111111111.
’ 11 Vs. 111. 111111βῖ ἇπὸ τὴν Γένοβαν, τριήρεις και λιβιίρα.

uther 1111111111 1111 1111111111 111 {Bouto λιβιίρα 11111111111111111111

in 1111111111 111 11111111111111111111111 1111111111111111111 1111111111111;

1111 11111111 11111 neve 1111111111 111, 11111 ῑ1111111111111111 11, 111111
11111 1111 1111111111111111111111111111 1111111111111111111 1111111, 1111111111
111111111111 1111111 111111 11 11111 1111111111 11 1111111111-1111 1111111111
111 111 1111111111 11 1111111111 111 1111111111111111 11 111 1111111111 1111111
1111111111,

11. 1111111. 11λᾶπό τὴν Κατελλώνιαν 111 ἐφ’ ὅλην τὴν Ἰτά-
λιαν, xci. &tithan 111 111111111111111111 11 61111111 111111111111111

11111111 1111111111 1111111111 11111111 11 ’1111111111 11111311111111111 111
,1111111111111111 11311111. 111 11111111 111 1111111111 111111111111111111111,
11111111 11 11111111111111111111115111111 1111111111, 1111111111 1111111 1111111111,
‘ 1111111 111 111111111111 11111111 1111 1111111111 11111111 111111111111111111111111
1111111111111, 1111 11111 1111 1111111111111111111111111111111, 111 111-111111
111 (1111111111, 1111 11111 1111111111 111111111111 111 1111111, 111111
11111111 1111111111111111 11111, 11 1111 111 11111 11111111. 1111111 111 11111111,
11. 115 11, 11 1111111111, 111 1111 111111111111111111111 1111 11111111 1111111

11111111111111111111111 11111111. ,1111111111111111111111111111111111111, .

111 111 1111111111, 111 11111 (p. 11111.) 111111 1111111111 111111, 11111111 111
1111111111 111 1111111111 einen 111111111111111111 11111111111111111111111
1111111111 111 1111111111 111111 1111 1111111111111111111111111111ὃ11111
11111111 Qube 111111.

11. 11111, Κῑυᾶπίθανεν, ὥς λέγουσιν, ἰπάνω’ς τὸ 111111 111.
111111 111 111 11111111111111111 1. 111 1111111111 Q 11. - 111111 11111 Sunt«
111 11 11 1111111111, 111 1111111111 111 1111111 111 111111 111111111111111111111
111111 111 1111111111 1111111111 3111111111 1111111111111111111111111 11111

1111111111 &aus 11 1111111111 11111 111 1111111111 11111111111111111111 11111
1111111 1111111. 31 1111111813 11 111111 1111111111 1111111111 nutet 1111 zita:

Ι,1111111(111111111111111111111111111111· (amc φάσις τοῦ ἇνατολικοῦ

ζητήματος), 11111111111111 111111 11111111 1111 *suffen 1111111111

11111 111 (1111111111 111 11111111 111111 11111111111111111111111111111111
111 1111111, 1111111 11111 1111 111 11111111 111111 111111 11111111111111111111
111 1111111111 11111 1111111111 {ebt 111111111111111111111111111111,

 

