999 999 9999999999. 999999999999999399999. 83 ,

9999 (St murbe 99999, 99 es 9999 in ben 3999 9999999, 9999
999 9999 99999 eine gmeite 9199999999 mit 999 &ultam in 99999
et 999 99999999 (p. 293) 99 99919 999 [angen 9999999999 99
99999999 999 99991999 9999999999999 99 9999999 999 galus
9999999 9999999 [999 999999 9 9999999999 (1.1.) 99999999
(p. 299 sq.) 9999 9999 (9999 9999999999 9999999 99999 {einen
99999999 (9999999999 99999 9999999 9999999999 mit ben
(999999, 9999999 99 im 9999999999 99999 999, tege 99999, 999
999999 99999 9999 9999 99999 699999 99999999 (ng. Famulus,
vs. 1979 999). 999 119999 9999999999 999 neunt 59999
(p. 393 sqq.), 99 999999 im 9999999999 999 (999999999999 ( .
392 sq.) 999 in 99999 99 999 in 9999 99999999 9999999 999
- 999 999 999999 2999999999, 999 99999999 (p. 339) 9999999999,

99 99999999 999 99999999, 99991999999999 bem 9999999 s

Ι 9999 (99199 999 99999999 99999999 gu fibetliefetn. 69 999999
9 999 9999999 ber 999 ί99 999 {urg 9999999 ein 9999999999
999 9999999999999 99999 99999919999999999 999 99999999
9999 9999 999 &urban 99 999991 99 9999 θ99999, 999 (9999
&uttan 9999999, 99999 91999999 9999999999 999 999 99
99 99999999 999999 999 {Dum (p. 234 sqq.) fnit eine 9911999999
999 999999 gelren 99999, 99ςί99 999 9999999999 (p. 398) 999
699999, [tinem 93999 2999999999 9999 in 99 99999 99 fasten,
9999 999 9999999999 999 tinem 999999, 99999 9 999 mit 999
9999999999 99999999 9999. 9999 99 999 mutuo (p. 391) 99999 .
, 9999 999999 9999 99991999 999999 999 et 999 999 99999999,
999 9999999 999 99999 in 99 «99999, 99999 9999 999, 99 999

99 9999999999 9999999, 9999 einen 9999999 99999999 99995 ἱ

999, bet 99 999999 99 999999 99999, 9999999,,99999 fig 999
9999999 99999999 999 99999999 nebi} 999 999999999999999 999

¹ ' 69999 99999999. - (999999 99999, 99 9999999 9999 999
. ⁶,

 

