A& 00000 000 0000000 00001000ος 0010000001000000.

001000 00000011οι0 0000000000 001000 000 00100100 3000000ον
0000000 000 0000000011 000 0001000000 00000100 0110101000, 0000
0100001100οη10 0011 000 00000010 000 (01001, 000 000 000 1010110000.
<scite 00000 01010 90000000 00000000 01000000 010 01000000 m
000000 001000 (im 0110114300 000 3000 00000000 010 0000100 00
000 0010000 000000 0011000. mit 00100000 000 (00000110 0000000
tete 000 0000 ein 3000, 000 010 0001000000οτ 000 0000 0001000000
matema 10 0000110000 00100, 10010000 gum (000000 000 00000110 000
gut 001000000οι00 00060010000000001 000, 00000010 010100
30001 010οτ 0001 gu 00010000, 00010000 000 (0010000 einen 000000
00000011οι0 0000000 0000001000, 10000 010 0100010001 1000000 [eie
000 0101001ιο0010 in 00000 [eine 01000000 01000000 0000000010
000 0000100000. 01οτ 00000 ein 0001000ιο 00000010 (0000 0001101000-
00100, p. 240, 000 0000, 0000 01000000, p, 100, 00010000 001οι
00000) 0000100000 00 0100 0000, 000 &tabi mirbtt 000000ος0000, 1000
001 0001100110, 00000101ἰο [einer 0100000 Mt, 000 01100 00000 eta
00100 0100000010 000000 gu 00000101οι0, 0101000000 000 0010000ἵ
000 tin 0000110000 00100 0100 0101101001 01000 0111100000εο 00001000
00010 0110001000 (0000000000 in 101000 00001010 00000 10000χηί0010
00110000 00 1000 00110, 010 010 000 000 011100000100000000000100
000100 0000000000 00001001 10010000 gu 10000. 00100 100100
1000000, 000 0000 000 0000000000 0οτ 01000000, p. 100, 000 etz
00001, 101το 10 001000 0000000, vs. 00 sqq„ 00οτ 0000 0100000000
000000010010001100000011, 0000 00100100000000001000000000000
· 000 0011000, 000 1000 auf 000 0000001101 10001 00 000 01010000 utta
1001101010000, 00 fri 001 0οτ 0110000010οη0 0000000000000100100

’1 3010 ist 010 0100000 001οτ0. 0. bum met (0000.0.ὓ1000011000 010100,

’00 l, Θ. 070), 000 0 tt 0000010110 000 0100οτ000 000 00010010000100 ( w)
folgt. 000 10 000 0110110οᾗ000 000000100οε0 000000 ,0000 »ic 0000100 &atras
000 0000 00 100 0 tn 000000 00 fet 00ιο 0000100110 00 0 tes 00 0000000000 0000.

 

 

