11111111 1111111 11111111 1111111. 13

11111111 1111 11111111111111111111 111111 1111111. 1111 1111111
1111111 11111111 111 11111111 1111111111111 11111 111111 11111111 111 ,
11111 &clune 1111111, 111 (11111111, 1111111 1491 111 11111111
111111 1111111 111 1111111 11111111 1111, 11 11111 111111 1118111
111 11111111111111111111111 ,1111111111 1111111111 11111111 11111
111” 11111111 111. Ι111 11111111111111111111, 1111111111111111
111111, 11111111, 1111111 ,,111111111111111111111“ 1111 1111111111
1111111 1111 1111111111 11111111, 11111111111111111111111
1111111111 111 1111111111 11111111 11111111111111111111111111
111 11111111 111 11 111111 1111111111 1111111111, 111 111 11111111
1111 11111 111111 11111111, 1111111 111 111111111111111. 1111111111
1111 (11111111111111111111111111111, 1111 111111111111111111111111.
111 Biographie universelle 111 1311111 111111 1111111111111111111..
1111 1111 11 111111 1111111111 111 1111111111, 111 11111111 111111
111 1161 1111111111111 1111111111 111111 XI. , 1111111 11 111111
1111111111 vn. 11 111111 111, ’1111111 11111 111 111111 1111111 111
111111111111 (1111111111. 331) 111 111111111111111 111 (111

111111, 111 11111111111111111111111111111 11111111. 110111.) 111 ’

111 111 1111111111 1111111111 (1111111111.)1111111111111
11111111 1111111111. 111 111 1111111111 111111 1111111111 uns
111111 111 1111111, 111 1111111111 111 1111111111111111 1111111111,
1111111 111111, 111 111 111111 11111111 111111111111111111111111
111111 1111111 111 11111111111111 111 111 11111111111111111111111
11111 1111111 1111 gu 111 (1111111111 111 11111111 111111 111111

11111 111111, 1111111111 11 1111111 (111111111111111111111111) ·

1111 111 111111 111 111111111111111111 11191111111111111. (11
11111111 1111 111 &tage 1111 111111 1111 1111111 11 111111 11111,
111, 1111 1111111111 111 111111111111111111111 1111111111, 1111
1111111111 111 1111111111 11111111111111111111 1111111111111111111,
1111 1111 1111111111 8111 111 1111111111 1111111111 1111111111 11

 

