8111111111 111 111111111111111. 33

11 1111111111 11111111, 111 1111111 1111, 1131111111 111 111111
1111 1111111111111111 1111111111111 1111111111, 1111111 1111
,1111111 17111 111 1111111111 111111 11111111111111111 11111
11111 11111111 11111 11111111111111311111111111111111111111111
1111 111 1111 1111111111, 111 111111 1111 &iz 111 11111 1111111
1111111 11111 (11111. Thr. 11. 711), in 111 11111 1111111111. gu
11111 1111, 111 eo 1111 111 1111111111 {einen 1111111111 1111111 11111
11111 1111111111 11111111 1111111111111111111 1111111111 111 11111
1111111. 1111 1111111 1111111111 1111111111, 1111111 1111111
tm 11111 111 11111111 fcit 111 3111111111111111111 1111111
· men 11111111 111111 111 11111111111111, 11111111 1111111111
31111111 111 1111111111 111 111111 1111111111 111 11111 ι111111
1111111111, 111111 1111111111, 111ῧ11111 θ111111111111111111111;
11, 111 111 6111111 1111 1111111111 1111111, 11111(1391)1111
1111116111 1111111111 111111111111111111111111111 1111111111
111 11111111 1111111111 1111111 111 111111 1111111113111111111
11111 1111111 Ι. 1111111 111111. 31 1111111 111111111111 111 111111
111111, 111111 1111111111 1111111111 11111 1111111111 1111111111
1111111 «1111111111 111 1111111111 11111 1111 1113111111111
11111111111111111, 11111111 111111111111111111111111, 111
11111111 1111 3111111111 [ang 1111111111111111111111111
1111111111 1111111111 1111111111 1111111111 1111111 1111111
1111111111111 1111111111 1311111 (11111. 0111111111. 12281111,
Dum p. 138 sq„ Puseulus 1. Ι. vs. 249 sqq. 1., 1111111111
1111111. 211 f.) 111 1111111111 111 1111111111111 1111111111.
11111111111111131111 1111111111 111111 11111111 11111 nita
11111111111111111111111111111111 11111111 11111111. 111 ,
1111111111, 111 1111 111 111 111 1111 11111111111111111111111

Ἢ

’3111111111111111111 1111, 1111111 1111 mutiam 11111 111111111111111
1111111 . 3

 

