306 1111111111 ⁸

111111 11111111111111 111111111111111111111111 11111 1111111111 1111111
1111111 1111 1111111 1131. 1111111 1111111 1111111111 1111, 1111 1111111 1111111
11111 11111111 1111 11111111, 1. 1, 1111 11111111111111, 1111111111, 1111111 1111 1111

111111111131111111 1111111111111111 111111111111111111111111111111111111111,

11111 111311111111111, 111 1111 1111 1111 111111111111 111 1111111 1111111 11111
111 11111111, 11 11111 111 11111111111111111 11111111111111111111111 1111111111.
’11111 1111 111111, 11 111 111111 111111111111111111111111111 11111111 1111 tems
11111 11111111 11111111111111111111 111111 111 1111 11111111 1111111111111111111,
111111 11111111 11111111111111111111 11111111111111111 111 1111111 111 11111111
11111111 11111 11111 11111111 1111111111, 111 131811111111111111 111111 1111111
1111 11111 1111111111 1111111111, 11111 11111111 1111 (1111111111, 1111111111 11111
11111 111111, 1111111111111’1111111111111111111 1111111111 111 111111 1111111111
11111 11111111 11111 11131111 111111 1111 11111111111111111111 1111111111 111.
111111111111, 111 111 1111111111 gu 1111111111, 11111 111111 13 31111 1111111 (1311)
11111111 1111111111 ’1111111111 1111111111 1111111 31111111 V. 1111 11111111 (1111111
111111 111. 1111111111111 111111111111111111111111 1111 &etnim 1111111111
1111 111 (111111 1111 1111 11111111 111111 1111111111 111 Q. 11111 11111111
11111111 111 1111111111 111111 11111111111111 ’811111 11111111, 1111111111 1317
1111111111 1111, 1111 11111111111111 1111111111 111 1111111111 1111 11111111 3111
1111 111111111111, 11111 1111 1111111, 1111385 111111 111111(111111111111111111111
111111, 111111 11111111111111111 111111 1111111111, 111111111111111 111111111111111
111111, 111111 11111111111111111111 11111 1111111111111 1111 1111111111 1111111 111
111111 1111 13911111 11111 1111 11111 1111 11111111 11111111 111111111111111111111
11111111 111111, 3111111111 11111 1111131111 1111111111111111 1111 (1111111111, 111
111111 111 111 111111111111111 1111111111 11111, 111 1357 111111111111 111111 311111
1111111 1111111 1111, 111111 111111111111 1111111111 111 111 1111111111 1111 1111111111
wei! 111 1111111 1111 *1111111111 1111 1111 1111111111 1111111111111111111111111
1111111111 11111111, 1111111 11 um 11111 1111 11111 11111 1111111111 111 1111111111
- 1111111. ,1111 1111 1111111111111 111111 111 11111111111111111111111111111
1111 1111111111 11111111111111 11 (1111111111 ’11111 1111 11111111 111 1, 1111 111
1111111111, 111 111 111 111 1111 1111111111 11111111 1111111111 11111 1111111111
111 11 111 11111111 (1111 111111 11111111111111111)1111111111. Qu 1111111111
11111111 1118 111 1111111111 1111111111 1111 1111111111 111111111111111 1111111 111111
’1111111111111111111111 11111111 111 1111111111 (11111111111111111111111)
1111111111111111 1111111111 1111111 (1. 1111111111, &a 11), 111111111111111111
111 11111111111111 1111111111 111· 1111111 11111 1111 111 11111 111 1111111111 111
’1111111111 1111 11111 11111111111111111111 111 11111111111111111111111111111
11111. 111111111111111111111111111111, 1111 111111111111111 111111, (111 111

 

