11111111111111111111 xxm. 241

1111111111 1111111111 ξὲίῐείωῑα, ,9111111 1111 Qu

91111 9111111111 111 91111111, 31111111, 9111 ’ ’

91111611111119111111111191111119111111111,

111 ,1111111 , 911111, 9191111111)ῗῖ egerint& 11111 91111

ι 1111111, 9191111, 91119Ϊ11111Ὗ9111911173111 111111

’ 91111 1111111111111111111ζ11ἶ1111151111911911 1111111
’ 11

1911191111111111191111111911111111111111111111 ’

191111 11111 19119111

191111111111111,111111111111191111,1111111111)
111111 1

Τ 111 ,1)1’ 1111911 1119111, 1919 1111 9ἰο1Ῐ1Ῐ111119 11111111 9111111 11111

·· 11119111111111111111111111911111111111111119
11111111 111111 1111111 ’1119 &mn 1111 111) 11111111 1111
9111,11119111111111 111111ῗεῖ111 ’1111 911111 111191
1111111111, 11111111111111111Μ1Π1111111111119111111

19111 1111111111

111 911 111111 111111 11111111 9111119111, 111”11ῤ11111111111

911 111191 1111 11111111 1111111ᾒῃ1ια113ῃ1α9ῃ1111111911 11111 1111)

men nQet:
911111111ιί11. 10

 

