1111111111111111 11111 111 11111111. 13

11111111111111 11111111111111111111 111111 111111. 111 1111111
11111111 3111111111 111 11111111 1111111111111111 11111 111111 111 111111 111
11111 &chum 11111111, 111 (11111111, 1111111 1198111 1111111 11
11111111 1111111 111 111111 11111111 11111, 111 1111111111 1118111
111 (111111111111111111111111 ,11111111111111111111111 11111111 &aba
111” 11111111 111, Ι311 1111111111111111 1111, 11111111111111111
11111111, 11111111, 11111111 ,1111 1111111111 1111111111 1111 1111111111
11111111) 11111 1111111111 1111111, 1111111111131111111111111
1111111111 111 (1111111111 11111111 1111111111111111111111111
111 11111111 111 gu 111111 1111111111 11111111111 111 1116111111
1111111111 111111 11111111, 11111111) 1111111111 1111111 XI. 111 &mun
1111111111111111111 1111 1111111111, 1111 1111111111111111111111111.
111 Biographie universelle 111 1311111 111111 11111) βασιλεὺς 11111111..
111111 1111 111 1111111 1111111111 111 1111111111), 111 1111111111 11111111
1111161 11111111111111 1111111111 1111111111, 1111111 11 111111
11111111111. 11 111111 1111111111111111 111 1111111111111111
11111111 111111 ῥὴγας 111 (vs. ³31) 111 11111 1111 111111 111 (811
1111111, 1111 111111111111 1111111 111 1111111111, 11111 111. 1111) sqq.) 1111
1111 111 1111111111 1111111111 (1111111111 111.) 11111 11111111
11111111 1119111111. uus 111 1111111111 111111 1111111111 111
1111111 111 1111111, 111 1111111111 nod> 111111111111111 1111111111,
1111111111, 111 111 11111111 11111111 111111111111111111111111ι
111111 1111111111 111 1111111111111111 111 1111111111111111111111111111
tvtnig 11111111 1111 gu 111 (1111111111 111111111111111111111

[11111 1111111, 111 1111111 11 1111111111 (111111 1111111111 1511111111) ·

11111 111 &influe 1113111111111111111111 1111111111111111111. (11
1111111111) 11111 111 &tage 1111 111111 1111 1111111 11 menig 11111,
111, 11111111111111 111 111111111111111ὗ1111 1111111111, 1111
111 311111 111 1111111111 11111111111111111111 11111131111111111111,
1111 nicht 111111111111131111 111 1111111111) 111111111111111111111

 

