314 -· 1111111111

11111 11111 1111111 1111111111 111111111 1111111111111111111111111111111
1111111111, 11, 11111111 111111111111 1111111111 1111111111111111111111·
11111111 11111111111111 111111 111 &alnum 11111111 1111111 1111 1111111 11 111
1111111111, 1111111 1111 11111111 11111111111111111111111111111111111
111111 11111111 (1111 111 1111111111111111111111111111111111111111111111
1111111) 11713111111111111111111. 1111 1111111111 1111111111 1111111111111111
611111, 1111111111 111111 (111-1111), 11111 1111111 111 11111111 1111111111,
111 11111111111111111 111 1111111111 11111 11111111, 1111 11111111 1111111111
111 1111111111 111111, 11111111 1111111111 111 1111 111111111111111111111
111111 11111111 1111111111111111 111111111111111. 111111 1111111111, 111111 ’111111
11111111 1111111 111 11111111111111111111111111, 111 1111111111. (Chalco-
11111. 1. 111, 111. 11111. 1111 111.) 1111 1111 111111111111111,1111111111 -
1111111111, 11111111 11111111 11111 1111 11111111 1111111111, 111 11 111 11111
81111 111111 11111111111 111 1111111111 1111111111 11111111 11111, 1111111111 11 ·
11111111, 1111 11111111 11111111111111111111111, 111111 111111 3111111111 111
1111111111 11111111 111 1111 11111111 1111111111 1111111111 11 1111111111.
11111111 1111111, 111 1111111111111111111111111 1111111111111111111111111
1111111111 1111111111, 11. 1. 1111111 (11.1, 1111 1, pm) 1111 111 1111111111
111 1111111111 Θ11111111111111, 1111111, 111111111111111111, 111111111111111
1111111111 1111111 1111 1111111111 111111 6111111111111 111 8. im 11111111
11111111111111111, 11111111 11. 111111 1111111111 (111111, 11111. 111) 11111
1111111111 11111111 1111111111, 11 111111111111111111 1111 111 111111111111 1111·
11111111 11111111111111 111111111111111 13111111, 1111 δ1111111111111, 1111 11 111
1111 1111111 1111111111111111111 31111111 111 111 1111111111 111111111111111
111 1111111111 111111 1111111111 11 1111111111111 1111111111 11111111111111
(1. 1. ὓ.) 111111 11111111 111 11111111 111111, 1111111111111111 1111111111
(1111111111111. 1111111111111 111111111111111, 11111111 1118111111 1113111111
111 111 1111111111 1111111111111, 11. 1. 11111111 1111111111111111111 1111111
1111111. 1111111 11 1111111, 111111111111111111111111111111, 111111 11111111,
111 11113111 1111, 1111111111 11111111111111(1.1·11 11111111, 111 1111111111
311111 1111111111 11111111 111 111 11111111111111111111111111111111111
11111 11111 ὓ111111111 1111111111, 1111111111 111 11111111111111111111111111

11111111111111111111111111111 611111 1111111111. 11111111111111111111 ’

1111 1111111 11111111111111111111 111111111111111111. 1111311111 111 1111111
11111111 111 1111111111 ,11111111111111 (1.1. 1111111311111111111111111111111
8111111 1111 111 111111 111111111111611111111111111111111111111111111 11111

1111111111111111111 11 111 1111111111 11111111 1111111111, 1111111 111111 ι

Μ 111 1111111111 111 laen, 11111 1111 11111 1111 111 1111111111 1111

 

